"","COUNTY","CTYNAME","AGEGRP","TOT_POP","TOT_MALE","TOT_FEMALE","WA_MALE","WA_FEMALE","BA_MALE","BA_FEMALE","AA_MALE","AA_FEMALE","IA_MALE","IA_FEMALE","NA_MALE","NA_FEMALE","H_MALE","H_FEMALE","TOM_MALE","TOM_FEMALE","TOT_WA","TOT_BA","TOT_AA","TOT_IA","TOT_NA","TOT_H","TOT_TOM"
"210",1,"Alcona",0,10405,5233,5172,5087,4987,24,33,10,32,36,39,4,3,88,79,72,78,10074,57,42,75,7,167,150
"227",1,"Alcona",17,509,262,247,261,243,0,0,0,1,0,1,0,0,1,2,1,2,504,0,1,1,0,3,3
"228",1,"Alcona",18,374,145,229,140,226,0,1,0,0,1,0,0,0,1,1,4,2,366,1,0,1,0,2,6
"438",3,"Alger",0,9108,5035,4073,4028,3682,652,13,21,20,204,202,0,1,86,70,130,155,7710,665,41,406,1,156,285
"455",3,"Alger",17,276,128,148,122,143,0,0,0,0,5,3,0,0,1,0,1,2,265,0,0,8,0,1,3
"456",3,"Alger",18,236,83,153,79,141,0,0,0,0,2,3,0,0,0,1,2,9,220,0,0,5,0,1,11
"666",5,"Allegan",0,118081,59000,59081,55998,56029,987,847,424,582,436,447,17,28,4537,4342,1138,1148,112027,1834,1006,883,45,8879,2286
"683",5,"Allegan",17,2159,953,1206,933,1158,6,19,0,6,8,5,2,0,16,16,4,18,2091,25,6,13,2,32,22
"684",5,"Allegan",18,2034,729,1305,713,1271,3,17,3,2,6,3,0,0,16,19,4,12,1984,20,5,9,0,35,16
"894",7,"Alpena",0,28405,14033,14372,13563,13947,82,73,93,75,83,95,8,4,234,192,204,178,27510,155,168,178,12,426,382
"911",7,"Alpena",17,859,386,473,379,471,1,0,1,0,2,1,0,0,4,4,3,1,850,1,1,3,0,8,4
"912",7,"Alpena",18,889,299,590,297,581,0,2,0,3,0,2,0,0,3,7,2,2,878,2,3,2,0,10,4
"1122",9,"Antrim",0,23324,11604,11720,11208,11301,45,45,36,41,143,151,7,8,298,287,165,174,22509,90,77,294,15,585,339
"1139",9,"Antrim",17,767,363,404,360,398,0,0,1,0,0,2,0,0,3,5,2,4,758,0,1,2,0,8,6
"1140",9,"Antrim",18,706,262,444,259,430,0,2,1,2,0,4,0,0,0,6,2,6,689,2,3,4,0,6,8
"1350",11,"Arenac",0,14883,7494,7389,7220,7072,40,32,14,32,96,106,3,5,154,149,121,142,14292,72,46,202,8,303,263
"1367",11,"Arenac",17,444,217,227,212,224,1,0,0,0,2,2,0,0,4,5,2,1,436,1,0,4,0,9,3
"1368",11,"Arenac",18,381,155,226,150,221,0,0,0,0,4,4,0,0,1,1,1,1,371,0,0,8,0,2,2
"1578",13,"Baraga",0,8209,4522,3687,3111,2861,632,21,15,18,585,587,1,1,75,61,178,199,5972,653,33,1172,2,136,377
"1595",13,"Baraga",17,208,92,116,81,104,1,0,0,0,9,10,0,0,0,1,1,2,185,1,0,19,0,1,3
"1596",13,"Baraga",18,215,81,134,76,125,0,1,0,0,3,7,0,0,0,0,2,1,201,1,0,10,0,0,3
"1806",15,"Barry",0,61550,31039,30511,29964,29464,236,167,154,176,171,195,8,6,983,950,506,503,59428,403,330,366,14,1933,1009
"1823",15,"Barry",17,1327,607,720,597,712,2,1,1,2,2,2,0,0,6,6,5,3,1309,3,3,4,0,12,8
"1824",15,"Barry",18,1146,388,758,383,750,0,1,0,6,1,0,0,1,6,7,4,0,1133,1,6,1,1,13,4
"2034",17,"Bay",0,103126,50627,52499,47811,49716,1050,841,268,357,324,339,7,9,2831,2849,1167,1237,97527,1891,625,663,16,5680,2404
"2051",17,"Bay",17,2603,1129,1474,1098,1448,16,8,2,4,6,6,0,0,18,24,7,8,2546,24,6,12,0,42,15
"2052",17,"Bay",18,2703,834,1869,814,1846,2,11,5,4,5,7,0,0,27,30,8,1,2660,13,9,12,0,57,9
"2262",19,"Benzie",0,17766,8864,8902,8484,8533,71,51,36,53,140,131,5,1,230,218,128,133,17017,122,89,271,6,448,261
"2279",19,"Benzie",17,579,267,312,264,305,1,1,0,0,1,4,0,0,4,2,1,2,569,2,0,5,0,6,3
"2280",19,"Benzie",18,532,227,305,222,294,0,3,1,2,3,4,0,0,6,4,1,2,516,3,3,7,0,10,3
"2490",21,"Berrien",0,153401,75042,78359,60174,62062,10748,11973,1552,1699,536,480,76,60,4542,4287,1956,2085,122236,22721,3251,1016,136,8829,4041
"2507",21,"Berrien",17,3822,1626,2196,1459,1946,136,205,18,23,5,5,0,0,28,38,8,17,3405,341,41,10,0,66,25
"2508",21,"Berrien",18,3941,1427,2514,1314,2262,92,207,15,14,2,7,2,1,24,39,2,23,3576,299,29,9,3,63,25
"2718",23,"Branch",0,43517,22524,20993,20886,20240,916,111,138,162,133,99,9,3,1196,1008,442,378,41126,1027,300,232,12,2204,820
"2735",23,"Branch",17,1008,426,582,411,573,2,1,1,0,3,4,0,0,6,6,9,4,984,3,1,7,0,12,13
"2736",23,"Branch",18,835,305,530,302,522,0,1,1,0,0,1,0,0,4,8,2,6,824,1,1,1,0,12,8
"2946",25,"Calhoun",0,134159,65760,68399,53371,55853,7538,7495,1889,2094,563,508,32,32,3740,3605,2367,2417,109224,15033,3983,1071,64,7345,4784
"2963",25,"Calhoun",17,2982,1258,1724,1125,1517,94,142,18,48,6,9,0,1,21,18,15,7,2642,236,66,15,1,39,22
"2964",25,"Calhoun",18,3104,1097,2007,998,1829,79,144,8,19,0,4,1,0,15,24,11,11,2827,223,27,4,1,39,22
"3174",27,"Cass",0,51787,26021,25766,23234,23221,1443,1248,161,240,295,333,22,11,1167,947,866,713,46455,2691,401,628,33,2114,1579
"3191",27,"Cass",17,1189,567,622,517,575,34,36,2,2,5,3,0,0,3,3,9,6,1092,70,4,8,0,6,15
"3192",27,"Cass",18,995,356,639,312,585,24,34,2,3,4,4,1,0,7,11,13,13,897,58,5,8,1,18,26
"3402",29,"Charlevoix",0,26143,12929,13214,12314,12579,74,51,66,94,217,228,7,7,281,297,251,255,24893,125,160,445,14,578,506
"3419",29,"Charlevoix",17,710,338,372,335,365,0,1,0,0,3,5,0,0,1,0,0,1,700,1,0,8,0,1,1
"3420",29,"Charlevoix",18,721,289,432,284,424,0,1,0,0,2,3,0,0,3,1,3,4,708,1,0,5,0,4,7
"3630",31,"Cheboygan",0,25276,12616,12660,11729,11744,115,74,39,71,372,398,6,8,206,170,355,365,23473,189,110,770,14,376,720
"3647",31,"Cheboygan",17,838,398,440,387,433,0,0,1,0,4,6,0,0,0,2,6,1,820,0,1,10,0,2,7
"3648",31,"Cheboygan",18,739,290,449,277,435,0,0,1,3,5,6,0,1,2,3,7,4,712,0,4,11,1,5,11
"3858",33,"Chippewa",0,37349,20705,16644,14092,12245,2485,118,151,170,2985,3088,9,15,384,359,983,1008,26337,2603,321,6073,24,743,1991
"3875",33,"Chippewa",17,875,412,463,379,412,1,2,1,3,23,39,0,0,0,0,8,7,791,3,4,62,0,0,15
"3876",33,"Chippewa",18,798,312,486,284,440,1,0,2,2,19,28,0,0,4,0,6,16,724,1,4,47,0,4,22
"4086",35,"Clare",0,30950,15480,15470,14895,14952,159,77,36,57,139,131,5,5,325,326,246,248,29847,236,93,270,10,651,494
"4103",35,"Clare",17,883,437,446,427,439,0,1,0,1,3,2,0,0,1,0,7,3,866,1,1,5,0,1,10
"4104",35,"Clare",18,712,293,419,284,411,3,2,1,2,3,4,0,0,2,4,2,0,695,5,3,7,0,6,2
"4314",37,"Clinton",0,79595,39226,40369,36716,37792,883,822,602,700,211,208,19,21,1858,1819,795,826,74508,1705,1302,419,40,3677,1621
"4331",37,"Clinton",17,1561,687,874,665,848,10,7,5,10,2,2,0,1,17,16,5,6,1513,17,15,4,1,33,11
"4332",37,"Clinton",18,1545,574,971,560,951,9,8,2,4,3,5,0,0,13,11,0,3,1511,17,6,8,0,24,3
"4542",39,"Crawford",0,14029,7162,6867,6877,6590,74,51,46,72,56,50,5,1,148,164,104,103,13467,125,118,106,6,312,207
"4559",39,"Crawford",17,446,213,233,207,231,1,0,0,1,1,0,0,0,1,0,4,1,438,1,1,1,0,1,5
"4560",39,"Crawford",18,388,178,210,174,203,0,1,0,1,0,2,0,0,5,2,4,3,377,1,1,2,0,7,7
"4770",41,"Delta",0,35784,17774,18010,16628,16883,85,58,77,100,490,512,2,7,295,263,492,450,33511,143,177,1002,9,558,942
"4787",41,"Delta",17,1094,504,590,487,571,0,0,0,4,11,7,0,0,2,4,6,8,1058,0,4,18,0,6,14
"4788",41,"Delta",18,1183,409,774,405,752,1,1,0,6,2,6,0,0,2,1,1,9,1157,2,6,8,0,3,10
"4998",43,"Dickinson",0,25239,12694,12545,12198,12081,73,64,77,94,135,119,16,4,233,203,195,183,24279,137,171,254,20,436,378
"5015",43,"Dickinson",17,687,310,377,305,376,0,0,1,0,0,1,0,0,1,0,4,0,681,0,1,1,0,1,4
"5016",43,"Dickinson",18,909,346,563,341,556,0,0,1,4,4,1,0,0,1,3,0,2,897,0,5,5,0,4,2
"5226",45,"Eaton",0,110268,54192,56076,47108,48961,3894,4030,1457,1305,311,280,23,17,3121,3126,1399,1483,96069,7924,2762,591,40,6247,2882
"5243",45,"Eaton",17,2361,994,1367,937,1304,37,38,9,15,3,2,0,0,21,29,8,8,2241,75,24,5,0,50,16
"5244",45,"Eaton",18,2249,830,1419,792,1345,19,50,11,10,1,2,1,0,17,32,6,12,2137,69,21,3,1,49,18
"5454",47,"Emmet",0,33415,16510,16905,15235,15649,147,103,88,120,645,634,13,29,307,300,382,370,30884,250,208,1279,42,607,752
"5471",47,"Emmet",17,866,408,458,399,437,0,0,0,0,5,18,0,0,0,7,4,3,836,0,0,23,0,7,7
"5472",47,"Emmet",18,888,294,594,284,574,0,0,2,2,4,12,0,0,2,1,4,6,858,0,4,16,0,3,10
"5682",49,"Genesee",0,405813,195701,210112,148808,156767,38257,44071,1907,2261,1090,1206,59,49,7148,7341,5580,5758,305575,82328,4168,2296,108,14489,11338
"5699",49,"Genesee",17,8750,3549,5201,3011,4316,475,796,36,39,7,21,0,1,42,71,20,28,7327,1271,75,28,1,113,48
"5700",49,"Genesee",18,8937,3153,5784,2676,4934,451,764,21,39,1,11,0,0,62,60,4,36,7610,1215,60,12,0,122,40
"5910",51,"Gladwin",0,25449,12857,12592,12491,12225,87,52,46,72,76,86,4,3,266,232,153,154,24716,139,118,162,7,498,307
"5927",51,"Gladwin",17,849,409,440,399,431,2,0,0,2,1,4,0,0,2,2,7,3,830,2,2,5,0,4,10
"5928",51,"Gladwin",18,657,259,398,252,392,0,0,0,2,1,3,0,0,3,8,6,1,644,0,2,4,0,11,7
"6138",53,"Gogebic",0,13975,7091,6884,6644,6437,53,34,19,49,238,235,6,1,137,114,131,128,13081,87,68,473,7,251,259
"6155",53,"Gogebic",17,466,200,266,197,261,0,0,0,0,2,3,0,0,0,2,1,2,458,0,0,5,0,2,3
"6156",53,"Gogebic",18,582,200,382,197,372,1,0,0,4,2,4,0,0,1,4,0,2,569,1,4,6,0,5,2
"6366",55,"Grand Traverse",0,93088,45499,47589,43143,45364,456,266,308,433,610,636,29,27,1420,1339,953,863,88507,722,741,1246,56,2759,1816
"6383",55,"Grand Traverse",17,2056,867,1189,851,1168,4,1,0,4,5,9,0,0,11,7,7,7,2019,5,4,14,0,18,14
"6384",55,"Grand Traverse",18,2337,789,1548,777,1538,1,1,3,5,0,1,0,0,1,6,8,3,2315,2,8,1,0,7,11
"6594",57,"Gratiot",0,40711,21924,18787,18978,18116,2403,119,86,130,164,135,9,7,1414,1166,284,280,37094,2522,216,299,16,2580,564
"6611",57,"Gratiot",17,856,363,493,359,483,1,1,0,2,1,2,0,0,14,5,2,5,842,2,2,3,0,19,7
"6612",57,"Gratiot",18,1117,393,724,387,715,0,2,1,1,0,4,0,0,14,16,5,2,1102,2,2,4,0,30,7
"6822",59,"Hillsdale",0,45605,22750,22855,22020,22060,184,133,97,132,119,157,6,9,577,528,324,364,44080,317,229,276,15,1105,688
"6839",59,"Hillsdale",17,1092,497,595,488,587,1,2,1,1,2,1,1,0,3,0,4,4,1075,3,2,3,1,3,8
"6840",59,"Hillsdale",18,1005,333,672,327,661,1,1,0,1,3,4,0,0,6,12,2,5,988,2,1,7,0,18,7
"7050",61,"Houghton",0,35684,19291,16393,17928,15454,217,116,650,405,145,131,8,8,382,257,343,279,33382,333,1055,276,16,639,622
"7067",61,"Houghton",17,773,342,431,335,423,2,1,1,2,1,1,0,0,1,1,3,4,758,3,3,2,0,2,7
"7068",61,"Houghton",18,828,303,525,295,517,0,0,3,4,1,2,0,0,3,4,4,2,812,0,7,3,0,7,6
"7278",63,"Huron",0,30981,15357,15624,14956,15196,103,101,88,118,58,65,2,2,422,384,150,142,30152,204,206,123,4,806,292
"7295",63,"Huron",17,995,413,582,404,572,0,2,0,1,1,1,0,0,7,4,8,6,976,2,1,2,0,11,14
"7296",63,"Huron",18,1039,373,666,368,660,0,0,2,2,1,2,0,0,3,8,2,2,1028,0,4,3,0,11,4
"7506",65,"Ingham",0,292406,142456,149950,107232,113839,17852,18518,10311,10218,880,980,97,107,11612,11769,6084,6288,221071,36370,20529,1860,204,23381,12372
"7523",65,"Ingham",17,4108,1689,2419,1491,2114,131,220,47,50,5,10,1,0,62,83,14,25,3605,351,97,15,1,145,39
"7524",65,"Ingham",18,4672,1557,3115,1401,2802,99,207,49,63,4,12,0,0,53,118,4,31,4203,306,112,16,0,171,35
"7734",67,"Ionia",0,64697,34921,29776,30972,28754,2976,152,161,152,239,199,14,8,1835,1292,559,511,59726,3128,313,438,22,3127,1070
"7751",67,"Ionia",17,1098,454,644,447,638,0,0,0,2,2,3,0,0,11,10,5,1,1085,0,2,5,0,21,6
"7752",67,"Ionia",18,940,368,572,361,562,3,3,0,0,1,2,0,0,16,3,3,5,923,6,0,3,0,19,8
"7962",69,"Iosco",0,25127,12469,12658,11843,12093,125,84,92,116,133,111,6,7,340,310,270,247,23936,209,208,244,13,650,517
"7979",69,"Iosco",17,971,446,525,439,513,4,2,0,4,0,2,0,0,1,1,3,4,952,6,4,2,0,2,7
"7980",69,"Iosco",18,820,342,478,333,468,2,1,2,3,3,2,0,0,5,3,2,4,801,3,5,5,0,8,6
"8190",71,"Iron",0,11066,5520,5546,5302,5302,30,17,11,40,84,89,1,1,109,152,92,97,10604,47,51,173,2,261,189
"8207",71,"Iron",17,400,177,223,172,218,0,0,0,1,3,4,0,0,2,3,2,0,390,0,1,7,0,5,2
"8208",71,"Iron",18,535,179,356,178,348,0,1,0,1,1,0,0,0,0,2,0,6,526,1,1,1,0,2,6
"8418",73,"Isabella",0,69872,33961,35911,29935,31617,893,971,588,689,1453,1424,9,23,1438,1451,1083,1187,61552,1864,1277,2877,32,2889,2270
"8435",73,"Isabella",17,1112,478,634,457,610,5,4,4,8,10,9,0,0,7,5,2,3,1067,9,12,19,0,12,5
"8436",73,"Isabella",18,1048,323,725,314,715,4,4,3,3,2,1,0,0,0,4,0,2,1029,8,6,3,0,4,2
"8646",75,"Jackson",0,158510,81003,77507,69832,69029,7830,5084,667,786,403,281,44,42,3065,2710,2227,2285,138861,12914,1453,684,86,5775,4512
"8663",75,"Jackson",17,3272,1408,1864,1341,1775,31,61,19,10,4,2,0,0,23,24,13,16,3116,92,29,6,0,47,29
"8664",75,"Jackson",18,3456,1246,2210,1188,2121,41,73,4,9,3,1,0,0,29,31,10,6,3309,114,13,4,0,60,16
"8874",77,"Kalamazoo",0,265066,129606,135460,105372,109824,15226,16116,3619,3867,718,696,81,71,6955,6868,4590,4886,215196,31342,7486,1414,152,13823,9476
"8891",77,"Kalamazoo",17,4532,1878,2654,1730,2461,99,128,24,32,6,13,0,1,32,44,19,19,4191,227,56,19,1,76,38
"8892",77,"Kalamazoo",18,5271,1782,3489,1660,3237,92,202,27,25,2,6,0,0,18,21,1,19,4897,294,52,8,0,39,20
"9102",79,"Kalkaska",0,18038,9220,8818,8789,8454,84,46,50,54,91,88,2,2,205,188,204,174,17243,130,104,179,4,393,378
"9119",79,"Kalkaska",17,418,212,206,209,204,0,0,0,0,1,1,0,0,2,2,2,1,413,0,0,2,0,4,3
"9120",79,"Kalkaska",18,257,100,157,98,151,0,1,1,3,1,1,0,0,0,3,0,1,249,1,4,2,0,3,1
"9330",81,"Kent",0,656955,324063,332892,266497,273653,34370,35225,10568,11359,2451,2400,301,250,36245,34995,9876,10005,540150,69595,21927,4851,551,71240,19881
"9347",81,"Kent",17,10454,4322,6132,3995,5576,203,400,91,105,10,20,3,2,121,150,20,29,9571,603,196,30,5,271,49
"9348",81,"Kent",18,11992,4338,7654,4105,7188,162,349,54,82,1,6,4,2,116,172,12,27,11293,511,136,7,6,288,39
"9558",83,"Keweenaw",0,2116,1082,1034,1061,997,2,6,0,2,3,5,0,0,14,22,16,24,2058,8,2,8,0,36,40
"9575",83,"Keweenaw",17,85,46,39,45,39,0,0,0,0,0,0,0,0,1,1,1,0,84,0,0,0,0,2,1
"9576",83,"Keweenaw",18,63,25,38,23,37,0,0,0,1,0,0,0,0,0,0,2,0,60,0,1,0,0,0,2
"9786",85,"Lake",0,11853,5988,5865,5282,5131,469,475,10,29,45,60,1,1,143,150,181,169,10413,944,39,105,2,293,350
"9803",85,"Lake",17,428,226,202,204,182,16,15,2,3,3,1,0,0,2,0,1,1,386,31,5,4,0,2,2
"9804",85,"Lake",18,307,147,160,132,134,10,18,1,2,1,2,0,0,6,4,3,4,266,28,3,3,0,10,7
"10014",87,"Lapeer",0,87607,44424,43183,42456,41734,864,197,232,360,241,216,7,6,2109,2021,624,670,84190,1061,592,457,13,4130,1294
"10031",87,"Lapeer",17,1819,846,973,835,956,1,2,3,0,1,5,0,0,9,22,6,10,1791,3,3,6,0,31,16
"10032",87,"Lapeer",18,1520,541,979,534,964,2,2,2,3,1,1,0,0,7,5,2,9,1498,4,5,2,0,12,11
"10242",89,"Leelanau",0,21761,10721,11040,10029,10207,71,94,61,77,371,404,6,7,492,488,183,251,20236,165,138,775,13,980,434
"10259",89,"Leelanau",17,806,405,401,400,392,0,2,0,2,4,4,0,0,0,7,1,1,792,2,2,8,0,7,2
"10260",89,"Leelanau",18,808,323,485,318,472,2,2,0,0,1,5,0,0,3,3,2,6,790,4,0,6,0,6,8
"10470",91,"Lenawee",0,98451,49712,48739,46005,46260,2086,823,197,294,343,275,31,14,4117,3932,1050,1073,92265,2909,491,618,45,8049,2123
"10487",91,"Lenawee",17,2192,902,1290,875,1256,8,12,2,8,7,5,1,1,29,41,9,8,2131,20,10,12,2,70,17
"10488",91,"Lenawee",18,2141,764,1377,748,1351,3,6,3,7,2,4,1,1,34,53,7,8,2099,9,10,6,2,87,15
"10698",93,"Livingston",0,191995,96195,95800,92735,92301,765,534,761,1126,500,427,55,61,2483,2414,1379,1351,185036,1299,1887,927,116,4897,2730
"10715",93,"Livingston",17,3506,1601,1905,1565,1864,6,4,15,18,7,10,1,0,17,16,7,9,3429,10,33,17,1,33,16
"10716",93,"Livingston",18,3389,1242,2147,1216,2119,7,4,12,18,5,3,0,0,24,18,2,3,3335,11,30,8,0,42,5
"10926",95,"Luce",0,6229,3710,2519,2653,2231,738,10,10,5,173,173,0,4,59,48,136,96,4884,748,15,346,4,107,232
"10943",95,"Luce",17,199,96,103,88,96,0,0,0,0,4,7,0,0,0,3,4,0,184,0,0,11,0,3,4
"10944",95,"Luce",18,163,64,99,64,90,0,0,0,0,0,7,0,0,0,1,0,2,154,0,0,7,0,1,2
"11154",97,"Mackinac",0,10799,5487,5312,4053,3940,202,175,52,44,903,875,2,0,102,111,275,278,7993,377,96,1778,2,213,553
"11171",97,"Mackinac",17,373,178,195,163,167,0,2,0,1,10,18,0,0,0,5,5,7,330,2,1,28,0,5,12
"11172",97,"Mackinac",18,326,114,212,109,201,0,1,0,0,3,9,0,0,2,2,2,1,310,1,0,12,0,4,3
"11382",99,"Macomb",0,873972,425615,448357,345126,356426,50103,59978,18118,19079,1355,1557,149,143,12325,11759,10764,11174,701552,110081,37197,2912,292,24084,21938
"11399",99,"Macomb",17,18130,7258,10872,6770,10136,251,452,184,224,9,18,2,1,65,108,42,41,16906,703,408,27,3,173,83
"11400",99,"Macomb",18,19403,6481,12922,6161,12204,148,439,144,191,1,24,0,1,87,140,27,63,18365,587,335,25,1,227,90
"11610",101,"Manistee",0,24558,12662,11896,11261,11224,771,70,41,58,297,265,6,8,419,441,286,271,22485,841,99,562,14,860,557
"11627",101,"Manistee",17,748,346,402,340,390,0,1,0,0,3,3,0,0,3,4,3,8,730,1,0,6,0,7,11
"11628",101,"Manistee",18,714,284,430,276,420,1,2,0,0,5,8,0,0,5,1,2,0,696,3,0,13,0,6,2
"11838",103,"Marquette",0,66699,33570,33129,31026,31131,948,219,163,409,669,651,10,11,545,507,754,708,62157,1167,572,1320,21,1052,1462
"11855",103,"Marquette",17,1538,693,845,677,819,0,2,7,5,5,8,0,0,3,5,4,11,1496,2,12,13,0,8,15
"11856",103,"Marquette",18,1616,642,974,629,961,1,0,1,6,7,2,1,0,2,8,3,5,1590,1,7,9,1,10,8
"12066",105,"Mason",0,29144,14439,14705,13753,14063,149,115,107,98,160,157,0,0,694,661,270,272,27816,264,205,317,0,1355,542
"12083",105,"Mason",17,844,378,466,368,457,2,0,0,1,7,5,0,0,5,9,1,3,825,2,1,12,0,14,4
"12084",105,"Mason",18,821,278,543,277,532,0,1,0,3,1,3,0,0,9,7,0,4,809,1,3,4,0,16,4
"12294",107,"Mecosta",0,43453,21857,21596,20276,20110,627,624,200,190,175,180,13,5,557,496,566,487,40386,1251,390,355,18,1053,1053
"12311",107,"Mecosta",17,955,417,538,395,522,3,1,5,2,1,3,1,1,8,5,12,9,917,4,7,4,2,13,21
"12312",107,"Mecosta",18,757,259,498,250,488,0,4,1,1,1,1,1,0,4,7,6,4,738,4,2,2,1,11,10
"12522",109,"Menominee",0,22780,11547,11233,10848,10570,92,60,46,62,372,323,4,3,223,233,185,215,21418,152,108,695,7,456,400
"12539",109,"Menominee",17,669,311,358,309,351,0,1,0,1,2,1,0,0,2,4,0,4,660,1,1,3,0,6,4
"12540",109,"Menominee",18,773,289,484,281,481,0,1,0,0,6,1,0,1,3,2,2,0,762,1,0,7,1,5,2
"12750",111,"Midland",0,83156,41170,41986,38534,39436,702,509,904,1073,229,233,34,33,1284,1150,767,702,77970,1211,1977,462,67,2434,1469
"12767",111,"Midland",17,2026,876,1150,845,1106,2,6,20,26,2,5,0,0,4,13,7,7,1951,8,46,7,0,17,14
"12768",111,"Midland",18,2200,810,1390,795,1361,1,6,10,13,0,4,0,1,3,28,4,5,2156,7,23,4,1,31,9
"12978",113,"Missaukee",0,15118,7620,7498,7346,7195,52,36,44,55,58,68,0,2,251,210,120,142,14541,88,99,126,2,461,262
"12995",113,"Missaukee",17,418,176,242,174,238,1,0,1,2,0,1,0,0,3,0,0,1,412,1,3,1,0,3,1
"12996",113,"Missaukee",18,331,123,208,119,203,0,0,1,1,0,0,0,1,3,1,3,3,322,0,2,0,1,4,6
"13206",115,"Monroe",0,150500,74308,76192,69972,71970,2015,1983,477,559,301,288,28,22,2848,2793,1515,1370,141942,3998,1036,589,50,5641,2885
"13223",115,"Monroe",17,3219,1354,1865,1305,1807,23,35,7,6,7,4,0,0,12,13,12,13,3112,58,13,11,0,25,25
"13224",115,"Monroe",18,3272,1099,2173,1071,2137,13,19,6,7,3,7,0,0,6,13,6,3,3208,32,13,10,0,19,9
"13434",117,"Montcalm",0,63888,33022,30866,30711,29827,1452,142,116,156,219,180,15,13,1267,1047,509,548,60538,1594,272,399,28,2314,1057
"13451",117,"Montcalm",17,1431,649,782,633,763,4,3,2,3,3,5,0,1,5,7,7,7,1396,7,5,8,1,12,14
"13452",117,"Montcalm",18,1275,449,826,441,814,1,1,1,0,3,3,0,1,5,8,3,7,1255,2,1,6,1,13,10
"13662",119,"Montmorency",0,9328,4765,4563,4609,4404,33,20,7,19,33,43,1,0,71,60,82,77,9013,53,26,76,1,131,159
"13679",119,"Montmorency",17,367,184,183,176,179,3,0,0,0,3,2,0,0,1,2,2,2,355,3,0,5,0,3,4
"13680",119,"Montmorency",18,310,126,184,124,176,0,0,0,2,0,1,0,0,2,2,2,5,300,0,2,1,0,4,7
"13890",121,"Muskegon",0,173566,85950,87616,69888,71004,12026,12204,465,733,867,897,39,30,5106,4973,2665,2748,140892,24230,1198,1764,69,10079,5413
"13907",121,"Muskegon",17,3469,1433,2036,1331,1814,79,193,5,10,13,10,0,0,23,34,5,9,3145,272,15,23,0,57,14
"13908",121,"Muskegon",18,3464,1211,2253,1116,2029,77,192,1,6,10,6,0,0,25,37,7,20,3145,269,7,16,0,62,27
"14118",123,"Newaygo",0,48980,24658,24322,23496,23320,381,222,114,138,205,218,8,7,1529,1390,454,417,46816,603,252,423,15,2919,871
"14135",123,"Newaygo",17,1190,575,615,562,600,7,5,0,2,3,4,0,0,11,15,3,4,1162,12,2,7,0,26,7
"14136",123,"Newaygo",18,972,381,591,368,578,0,6,4,1,4,3,0,0,9,4,5,3,946,6,5,7,0,13,8
"14346",125,"Oakland",0,1257584,616754,640830,469107,477499,78644,96706,52736,49790,1978,2070,208,230,27323,27215,14081,14535,946606,175350,102526,4048,438,54538,28616
"14363",125,"Oakland",17,23478,9792,13686,8240,11302,967,1765,502,502,14,21,0,1,155,207,69,95,19542,2732,1004,35,1,362,164
"14364",125,"Oakland",18,27502,9405,18097,8169,15283,856,2207,303,489,3,11,1,3,125,213,73,104,23452,3063,792,14,4,338,177
"14574",127,"Oceana",0,26467,13389,13078,12694,12460,201,144,34,43,220,189,4,7,2135,1850,236,235,25154,345,77,409,11,3985,471
"14591",127,"Oceana",17,690,313,377,308,368,0,2,0,1,3,2,0,0,14,13,2,4,676,2,1,5,0,27,6
"14592",127,"Oceana",18,553,233,320,224,314,0,2,3,1,3,0,0,0,6,3,3,3,538,2,4,3,0,9,6
"14802",129,"Ogemaw",0,20997,10464,10533,10087,10137,48,38,69,64,94,120,6,2,250,240,160,172,20224,86,133,214,8,490,332
"14819",129,"Ogemaw",17,677,350,327,344,324,0,0,0,0,2,0,0,0,1,5,4,3,668,0,0,2,0,6,7
"14820",129,"Ogemaw",18,565,210,355,205,348,0,1,0,1,1,2,0,0,4,3,4,3,553,1,1,3,0,7,7
"15030",131,"Ontonagon",0,5720,2924,2796,2826,2663,11,8,14,19,38,48,1,0,44,47,34,58,5489,19,33,86,1,91,92
"15047",131,"Ontonagon",17,297,156,141,156,138,0,0,0,1,0,1,0,0,1,1,0,1,294,0,1,1,0,2,1
"15048",131,"Ontonagon",18,204,78,126,72,120,1,0,0,3,4,1,0,0,0,0,1,2,192,1,3,5,0,0,3
"15258",133,"Osceola",0,23460,11801,11659,11325,11230,115,80,32,39,80,86,6,7,277,254,243,217,22555,195,71,166,13,531,460
"15275",133,"Osceola",17,633,289,344,283,333,2,1,0,3,1,1,0,0,3,4,3,6,616,3,3,2,0,7,9
"15276",133,"Osceola",18,505,190,315,187,310,0,1,1,0,2,0,0,0,6,3,0,4,497,1,1,2,0,9,4
"15486",135,"Oscoda",0,8241,4210,4031,4072,3896,23,19,6,11,44,40,0,4,80,72,65,61,7968,42,17,84,4,152,126
"15503",135,"Oscoda",17,267,144,123,144,120,0,1,0,1,0,0,0,0,1,0,0,1,264,1,1,0,0,1,1
"15504",135,"Oscoda",18,225,97,128,96,124,0,0,0,1,0,1,0,1,1,1,1,1,220,0,1,1,1,2,2
"15714",137,"Otsego",0,24668,12269,12399,11748,11898,87,59,59,108,127,102,7,7,191,272,241,225,23646,146,167,229,14,463,466
"15731",137,"Otsego",17,621,284,337,280,327,1,0,1,1,0,3,0,1,4,3,2,5,607,1,2,3,1,7,7
"15732",137,"Otsego",18,632,259,373,249,366,4,3,0,0,4,3,0,0,2,4,2,1,615,7,0,7,0,6,3
"15942",139,"Ottawa",0,291830,144245,147585,133415,136679,3042,2493,4026,4592,838,863,71,76,15424,14304,2853,2882,270094,5535,8618,1701,147,29728,5735
"15959",139,"Ottawa",17,5335,2355,2980,2290,2913,17,13,24,26,8,11,1,3,75,84,15,14,5203,30,50,19,4,159,29
"15960",139,"Ottawa",18,5658,2068,3590,2044,3526,7,11,13,35,1,12,0,0,34,93,3,6,5570,18,48,13,0,127,9
"16170",141,"Presque Isle",0,12592,6268,6324,6058,6099,44,37,33,47,68,55,0,5,95,99,65,81,12157,81,80,123,5,194,146
"16187",141,"Presque Isle",17,502,238,264,238,263,0,1,0,0,0,0,0,0,3,1,0,0,501,1,0,0,0,4,0
"16188",141,"Presque Isle",18,504,226,278,223,269,0,1,0,4,0,0,0,0,1,1,3,4,492,1,4,0,0,2,7
"16398",143,"Roscommon",0,24019,12036,11983,11573,11522,80,77,79,87,120,112,4,2,255,247,180,183,23095,157,166,232,6,502,363
"16415",143,"Roscommon",17,979,468,511,455,501,0,3,0,3,2,1,0,0,4,2,11,3,956,3,3,3,0,6,14
"16416",143,"Roscommon",18,690,308,382,294,369,1,2,2,1,2,5,0,1,5,2,9,4,663,3,3,7,1,7,13
"16626",145,"Saginaw",0,190539,92577,97962,70956,74349,17453,19274,1339,1373,569,572,54,55,8031,8486,2206,2339,145305,36727,2712,1141,109,16517,4545
"16643",145,"Saginaw",17,4466,1855,2611,1641,2282,176,289,21,14,4,7,3,0,76,119,10,19,3923,465,35,11,3,195,29
"16644",145,"Saginaw",18,4941,1697,3244,1501,2829,176,378,9,18,2,4,0,0,59,133,9,15,4330,554,27,6,0,192,24
"16854",147,"St. Clair",0,159128,79111,80017,74301,75264,2158,1920,412,569,426,442,22,30,2843,2737,1792,1792,149565,4078,981,868,52,5580,3584
"16871",147,"St. Clair",17,3499,1497,2002,1457,1943,21,31,8,6,7,4,0,0,17,25,4,18,3400,52,14,11,0,42,22
"16872",147,"St. Clair",18,3437,1233,2204,1200,2148,13,38,6,10,1,6,0,0,10,18,13,2,3348,51,16,7,0,28,15
"17082",149,"St. Joseph",0,60964,30507,30457,28576,28579,792,718,188,223,197,184,5,7,2654,2474,749,746,57155,1510,411,381,12,5128,1495
"17099",149,"St. Joseph",17,1323,564,759,543,735,12,12,3,4,5,5,0,0,10,10,1,3,1278,24,7,10,0,20,4
"17100",149,"St. Joseph",18,1323,473,850,458,824,8,17,2,3,0,2,0,0,4,9,5,4,1282,25,5,2,0,13,9
"17310",151,"Sanilac",0,41170,20544,20626,19913,20061,152,87,74,95,150,115,7,8,855,702,248,260,39974,239,169,265,15,1557,508
"17327",151,"Sanilac",17,1153,514,639,509,628,1,0,0,4,2,3,0,0,9,7,2,4,1137,1,4,5,0,16,6
"17328",151,"Sanilac",18,960,398,562,389,552,2,2,2,2,2,2,0,0,8,9,3,4,941,4,4,4,0,17,7
"17538",153,"Schoolcraft",0,8094,3980,4114,3430,3550,16,18,10,11,369,382,0,0,58,49,155,153,6980,34,21,751,0,107,308
"17555",153,"Schoolcraft",17,282,118,164,114,153,0,0,0,0,3,9,0,0,0,0,1,2,267,0,0,12,0,0,3
"17556",153,"Schoolcraft",18,248,91,157,85,142,0,0,0,0,4,12,0,0,0,3,2,3,227,0,0,16,0,3,5
"17766",155,"Shiawassee",0,68122,33783,34339,32503,33172,316,213,154,207,204,191,22,29,1068,1034,584,527,65675,529,361,395,51,2102,1111
"17783",155,"Shiawassee",17,1507,660,847,647,828,0,4,4,6,1,0,0,0,6,15,8,9,1475,4,10,1,0,21,17
"17784",155,"Shiawassee",18,1422,518,904,510,887,1,1,3,6,1,4,0,0,3,9,3,6,1397,2,9,5,0,12,9
"17994",157,"Tuscola",0,52245,26284,25961,25238,25041,457,238,77,105,182,177,7,15,963,910,323,385,50279,695,182,359,22,1873,708
"18011",157,"Tuscola",17,1364,609,755,592,743,8,2,1,1,2,2,0,0,12,5,6,7,1335,10,2,4,0,17,13
"18012",157,"Tuscola",18,1183,430,753,418,737,7,5,1,2,2,4,1,0,5,3,1,5,1155,12,3,6,1,8,6
"18222",159,"Van Buren",0,75677,37574,38103,34364,34868,1493,1497,213,310,480,410,19,20,4634,4197,1005,998,69232,2990,523,890,39,8831,2003
"18239",159,"Van Buren",17,1502,680,822,637,763,33,42,5,9,0,3,0,0,17,22,5,5,1400,75,14,3,0,39,10
"18240",159,"Van Buren",18,1459,536,923,494,872,34,41,3,6,4,1,0,0,9,21,1,3,1366,75,9,5,0,30,4
"18450",161,"Washtenaw",0,367601,182191,185410,135285,137616,22299,22957,17196,17273,693,743,97,113,8961,9114,6621,6708,272901,45256,34469,1436,210,18075,13329
"18467",161,"Washtenaw",17,5568,2391,3177,2010,2701,196,259,168,182,3,12,1,0,40,73,13,23,4711,455,350,15,1,113,36
"18468",161,"Washtenaw",18,6067,2185,3882,1890,3367,142,325,146,165,2,4,1,0,19,57,4,21,5257,467,311,6,1,76,25
"18678",163,"Wayne",0,1749343,842466,906877,473084,482297,312553,364953,30288,31496,4000,4283,182,160,54288,53163,22359,23688,955381,677506,61784,8283,342,107451,46047
"18695",163,"Wayne",17,30522,12013,18509,7876,11425,3643,6462,367,401,20,40,3,4,290,408,104,177,19301,10105,768,60,7,698,281
"18696",163,"Wayne",18,35949,12096,23853,7805,14820,3953,8454,246,355,2,42,1,0,309,482,89,182,22625,12407,601,44,1,791,271
"18906",165,"Wexford",0,33631,16874,16757,16119,16111,145,79,116,113,148,105,11,12,373,337,335,337,32230,224,229,253,23,710,672
"18923",165,"Wexford",17,744,349,395,344,388,1,0,0,3,1,0,0,0,1,4,3,4,732,1,3,1,0,5,7
"18924",165,"Wexford",18,768,295,473,286,464,2,4,0,1,3,3,0,0,1,3,4,1,750,6,1,6,0,4,5
