,COUNTYFP,NEVER,RARELY,SOMETIMES,FREQUENTLY,ALWAYS,county,state
0,1001,0.053,0.07400000000000001,0.134,0.295,0.444,Autauga,Alabama
1,1003,0.083,0.059000000000000004,0.098,0.32299999999999995,0.436,Baldwin,Alabama
2,1005,0.067,0.121,0.12,0.201,0.491,Barbour,Alabama
3,1007,0.02,0.034,0.096,0.278,0.5720000000000001,Bibb,Alabama
4,1009,0.053,0.114,0.18,0.19399999999999998,0.45899999999999996,Blount,Alabama
5,1011,0.031,0.04,0.14400000000000002,0.28600000000000003,0.5,Bullock,Alabama
6,1013,0.102,0.053,0.257,0.13699999999999998,0.451,Butler,Alabama
7,1015,0.152,0.10800000000000001,0.13,0.16699999999999998,0.442,Calhoun,Alabama
8,1017,0.11699999999999999,0.037000000000000005,0.15,0.136,0.56,Chambers,Alabama
9,1019,0.135,0.027000000000000003,0.161,0.158,0.52,Cherokee,Alabama
10,1021,0.06,0.07,0.057999999999999996,0.19399999999999998,0.618,Chilton,Alabama
11,1023,0.049,0.038,0.126,0.21899999999999997,0.568,Choctaw,Alabama
12,1025,0.049,0.08800000000000001,0.16399999999999998,0.268,0.43,Clarke,Alabama
13,1027,0.14800000000000002,0.158,0.195,0.16899999999999998,0.32899999999999996,Clay,Alabama
14,1029,0.151,0.125,0.138,0.217,0.368,Cleburne,Alabama
15,1031,0.10099999999999999,0.152,0.094,0.18600000000000003,0.466,Coffee,Alabama
16,1033,0.08199999999999999,0.096,0.152,0.159,0.51,Colbert,Alabama
17,1035,0.099,0.052000000000000005,0.259,0.192,0.39899999999999997,Conecuh,Alabama
18,1037,0.055,0.131,0.16699999999999998,0.263,0.384,Coosa,Alabama
19,1039,0.187,0.128,0.129,0.201,0.35600000000000004,Covington,Alabama
20,1041,0.06,0.091,0.19899999999999998,0.233,0.41600000000000004,Crenshaw,Alabama
21,1043,0.13,0.024,0.249,0.217,0.379,Cullman,Alabama
22,1045,0.08900000000000001,0.113,0.11800000000000001,0.22,0.46,Dale,Alabama
23,1047,0.095,0.1,0.159,0.122,0.524,Dallas,Alabama
24,1049,0.084,0.051,0.106,0.179,0.58,DeKalb,Alabama
25,1051,0.042,0.095,0.127,0.252,0.485,Elmore,Alabama
26,1053,0.114,0.026000000000000002,0.188,0.285,0.387,Escambia,Alabama
27,1055,0.096,0.10300000000000001,0.17800000000000002,0.122,0.501,Etowah,Alabama
28,1057,0.138,0.048,0.151,0.233,0.429,Fayette,Alabama
29,1059,0.065,0.071,0.223,0.156,0.484,Franklin,Alabama
30,1061,0.17600000000000002,0.131,0.08900000000000001,0.158,0.445,Geneva,Alabama
31,1063,0.03,0.053,0.127,0.16699999999999998,0.623,Greene,Alabama
32,1065,0.026000000000000002,0.061,0.084,0.191,0.639,Hale,Alabama
33,1067,0.066,0.068,0.17,0.258,0.43799999999999994,Henry,Alabama
34,1069,0.085,0.079,0.135,0.268,0.433,Houston,Alabama
35,1071,0.092,0.08900000000000001,0.11,0.249,0.46,Jackson,Alabama
36,1073,0.049,0.037000000000000005,0.107,0.179,0.628,Jefferson,Alabama
37,1075,0.107,0.045,0.132,0.18899999999999997,0.527,Lamar,Alabama
38,1077,0.09300000000000001,0.11900000000000001,0.141,0.179,0.469,Lauderdale,Alabama
39,1079,0.162,0.08,0.08800000000000001,0.251,0.419,Lawrence,Alabama
40,1081,0.053,0.064,0.138,0.183,0.562,Lee,Alabama
41,1083,0.102,0.034,0.133,0.336,0.395,Limestone,Alabama
42,1085,0.12,0.073,0.145,0.19899999999999998,0.46399999999999997,Lowndes,Alabama
43,1087,0.008,0.033,0.24100000000000002,0.172,0.545,Macon,Alabama
44,1089,0.062,0.05,0.12300000000000001,0.177,0.589,Madison,Alabama
45,1091,0.033,0.151,0.11800000000000001,0.18600000000000003,0.512,Marengo,Alabama
46,1093,0.129,0.064,0.24600000000000002,0.207,0.353,Marion,Alabama
47,1095,0.075,0.064,0.129,0.253,0.479,Marshall,Alabama
48,1097,0.077,0.07,0.102,0.244,0.506,Mobile,Alabama
49,1099,0.11199999999999999,0.040999999999999995,0.182,0.28800000000000003,0.37799999999999995,Monroe,Alabama
50,1101,0.055999999999999994,0.095,0.12300000000000001,0.212,0.513,Montgomery,Alabama
51,1103,0.078,0.077,0.08199999999999999,0.304,0.45899999999999996,Morgan,Alabama
52,1105,0.025,0.084,0.087,0.187,0.618,Perry,Alabama
53,1107,0.031,0.06,0.16899999999999998,0.157,0.584,Pickens,Alabama
54,1109,0.06,0.131,0.145,0.33299999999999996,0.33,Pike,Alabama
55,1111,0.158,0.226,0.105,0.14400000000000002,0.368,Randolph,Alabama
56,1113,0.069,0.067,0.08,0.213,0.57,Russell,Alabama
57,1115,0.027000000000000003,0.134,0.14400000000000002,0.2,0.495,St. Clair,Alabama
58,1117,0.022000000000000002,0.075,0.11800000000000001,0.24,0.545,Shelby,Alabama
59,1119,0.055,0.068,0.11800000000000001,0.19699999999999998,0.562,Sumter,Alabama
60,1121,0.113,0.15,0.20800000000000002,0.16899999999999998,0.361,Talladega,Alabama
61,1123,0.067,0.095,0.136,0.29600000000000004,0.406,Tallapoosa,Alabama
62,1125,0.040999999999999995,0.036000000000000004,0.14400000000000002,0.247,0.532,Tuscaloosa,Alabama
63,1127,0.09,0.081,0.145,0.256,0.429,Walker,Alabama
64,1129,0.018000000000000002,0.077,0.102,0.307,0.495,Washington,Alabama
65,1131,0.061,0.098,0.19899999999999998,0.187,0.455,Wilcox,Alabama
66,1133,0.13,0.046,0.32799999999999996,0.183,0.312,Winston,Alabama
67,2013,0.067,0.032,0.034,0.316,0.551,Aleutians East Borough,Alaska
68,2016,0.078,0.031,0.03,0.337,0.524,Aleutians West Census Area,Alaska
69,2020,0.042,0.05,0.049,0.196,0.6629999999999999,Anchorage,Alaska
70,2050,0.10099999999999999,0.022000000000000002,0.013999999999999999,0.45,0.413,Bethel Census Area,Alaska
71,2060,0.048,0.037000000000000005,0.042,0.308,0.564,Bristol Bay Borough,Alaska
72,2068,0.062,0.081,0.067,0.225,0.565,Denali Borough,Alaska
73,2070,0.07200000000000001,0.025,0.027000000000000003,0.391,0.484,Dillingham Census Area,Alaska
74,2090,0.094,0.084,0.175,0.23399999999999999,0.413,Fairbanks North Star Borough,Alaska
75,2100,0.055,0.05,0.12300000000000001,0.419,0.35200000000000004,Haines Borough,Alaska
76,2105,0.051,0.064,0.13,0.39899999999999997,0.35600000000000004,,
77,2110,0.051,0.067,0.133,0.396,0.353,Juneau City and Borough,Alaska
78,2122,0.043,0.047,0.051,0.19699999999999998,0.662,Kenai Peninsula Borough,Alaska
79,2130,0.025,0.149,0.174,0.256,0.396,Ketchikan Gateway Borough,Alaska
80,2150,0.042,0.043,0.049,0.233,0.633,Kodiak Island Borough,Alaska
81,2158,0.10300000000000001,0.022000000000000002,0.006999999999999999,0.521,0.34700000000000003,Kusilvak Census Area,Alaska
82,2164,0.055,0.036000000000000004,0.04,0.299,0.5710000000000001,Lake and Peninsula Borough,Alaska
83,2170,0.042,0.051,0.048,0.198,0.66,Matanuska-Susitna Borough,Alaska
84,2180,0.086,0.061,0.009000000000000001,0.544,0.3,Nome Census Area,Alaska
85,2185,0.036000000000000004,0.059000000000000004,0.235,0.215,0.455,North Slope Borough,Alaska
86,2188,0.035,0.188,0.051,0.474,0.252,Northwest Arctic Borough,Alaska
87,2195,0.042,0.095,0.14800000000000002,0.349,0.365,Petersburg Borough,Alaska
88,2198,0.033,0.125,0.161,0.3,0.38,Prince of Wales-Hyder Census Area,Alaska
89,2220,0.048,0.077,0.13699999999999998,0.381,0.35700000000000004,Sitka City and Borough,Alaska
90,2230,0.057999999999999996,0.038,0.11599999999999999,0.435,0.354,,
91,2240,0.064,0.071,0.14,0.272,0.45299999999999996,Southeast Fairbanks Census Area,Alaska
92,2261,0.04,0.049,0.052000000000000005,0.19699999999999998,0.6629999999999999,Valdez-Cordova Census Area,Alaska
93,2275,0.035,0.11900000000000001,0.16,0.312,0.374,Wrangell City and Borough,Alaska
94,2282,0.047,0.012,0.078,0.381,0.48100000000000004,,
95,2290,0.044000000000000004,0.047,0.126,0.425,0.358,Yukon-Koyukuk Census Area,Alaska
96,4001,0.055,0.063,0.031,0.15,0.701,Apache,Arizona
97,4003,0.053,0.025,0.147,0.19399999999999998,0.581,Cochise,Arizona
98,4005,0.039,0.08,0.07,0.11,0.7020000000000001,Coconino,Arizona
99,4007,0.073,0.013999999999999999,0.03,0.336,0.547,Gila,Arizona
100,4009,0.095,0.067,0.237,0.049,0.5529999999999999,Graham,Arizona
101,4011,0.111,0.08900000000000001,0.16699999999999998,0.08900000000000001,0.544,Greenlee,Arizona
102,4012,0.031,0.064,0.162,0.17300000000000001,0.57,La Paz,Arizona
103,4013,0.023,0.025,0.059000000000000004,0.158,0.7340000000000001,Maricopa,Arizona
104,4015,0.051,0.096,0.10400000000000001,0.16399999999999998,0.585,Mohave,Arizona
105,4017,0.091,0.10800000000000001,0.059000000000000004,0.139,0.602,Navajo,Arizona
106,4019,0.023,0.024,0.073,0.121,0.759,Pima,Arizona
107,4021,0.033,0.055,0.096,0.14800000000000002,0.667,Pinal,Arizona
108,4023,0.027999999999999997,0.002,0.057999999999999996,0.07400000000000001,0.8370000000000001,Santa Cruz,Arizona
109,4025,0.031,0.073,0.081,0.17600000000000002,0.639,Yavapai,Arizona
110,4027,0.008,0.013000000000000001,0.046,0.129,0.804,Yuma,Arizona
111,5001,0.019,0.073,0.134,0.21600000000000003,0.557,Arkansas,Arkansas
112,5003,0.023,0.10300000000000001,0.163,0.11699999999999999,0.595,Ashley,Arkansas
113,5005,0.15,0.10400000000000001,0.10800000000000001,0.10400000000000001,0.534,Baxter,Arkansas
114,5007,0.081,0.034,0.083,0.16,0.643,Benton,Arkansas
115,5009,0.129,0.145,0.122,0.18899999999999997,0.41600000000000004,Boone,Arkansas
116,5011,0.094,0.102,0.175,0.184,0.445,Bradley,Arkansas
117,5013,0.145,0.132,0.10800000000000001,0.21100000000000002,0.40399999999999997,Calhoun,Arkansas
118,5015,0.111,0.068,0.115,0.129,0.5770000000000001,Carroll,Arkansas
119,5017,0.10400000000000001,0.07400000000000001,0.193,0.09699999999999999,0.531,Chicot,Arkansas
120,5019,0.08,0.091,0.08,0.231,0.518,Clark,Arkansas
121,5021,0.08199999999999999,0.124,0.157,0.242,0.395,Clay,Arkansas
122,5023,0.036000000000000004,0.065,0.09300000000000001,0.259,0.546,Cleburne,Arkansas
123,5025,0.107,0.03,0.16,0.231,0.47200000000000003,Cleveland,Arkansas
124,5027,0.24100000000000002,0.07200000000000001,0.054000000000000006,0.25,0.38299999999999995,Columbia,Arkansas
125,5029,0.071,0.12,0.13699999999999998,0.34700000000000003,0.325,Conway,Arkansas
126,5031,0.078,0.12300000000000001,0.138,0.341,0.32,Craighead,Arkansas
127,5033,0.155,0.1,0.16699999999999998,0.21100000000000002,0.36700000000000005,Crawford,Arkansas
128,5035,0.059000000000000004,0.017,0.11,0.306,0.508,Crittenden,Arkansas
129,5037,0.09699999999999999,0.017,0.163,0.319,0.40399999999999997,Cross,Arkansas
130,5039,0.19699999999999998,0.055,0.09300000000000001,0.196,0.45899999999999996,Dallas,Arkansas
131,5041,0.078,0.033,0.19,0.18899999999999997,0.509,Desha,Arkansas
132,5043,0.063,0.049,0.207,0.159,0.523,Drew,Arkansas
133,5045,0.066,0.027000000000000003,0.077,0.40299999999999997,0.426,Faulkner,Arkansas
134,5047,0.149,0.079,0.245,0.187,0.34,Franklin,Arkansas
135,5049,0.105,0.121,0.226,0.19699999999999998,0.35100000000000003,Fulton,Arkansas
136,5051,0.025,0.102,0.068,0.21,0.596,Garland,Arkansas
137,5053,0.08199999999999999,0.043,0.127,0.258,0.489,Grant,Arkansas
138,5055,0.062,0.141,0.154,0.34600000000000003,0.297,Greene,Arkansas
139,5057,0.098,0.073,0.096,0.179,0.5539999999999999,Hempstead,Arkansas
140,5059,0.059000000000000004,0.086,0.079,0.21600000000000003,0.56,Hot Spring,Arkansas
141,5061,0.081,0.07,0.145,0.145,0.56,Howard,Arkansas
142,5063,0.13699999999999998,0.156,0.08800000000000001,0.179,0.44,Independence,Arkansas
143,5065,0.086,0.121,0.133,0.23,0.43,Izard,Arkansas
144,5067,0.11599999999999999,0.10300000000000001,0.135,0.179,0.46799999999999997,Jackson,Arkansas
145,5069,0.042,0.036000000000000004,0.172,0.17300000000000001,0.5770000000000001,Jefferson,Arkansas
146,5071,0.14400000000000002,0.10300000000000001,0.205,0.221,0.32799999999999996,Johnson,Arkansas
147,5073,0.12,0.08199999999999999,0.078,0.23399999999999999,0.486,Lafayette,Arkansas
148,5075,0.085,0.128,0.153,0.298,0.337,Lawrence,Arkansas
149,5077,0.10300000000000001,0.032,0.195,0.263,0.40700000000000003,Lee,Arkansas
150,5079,0.035,0.016,0.19399999999999998,0.201,0.5539999999999999,Lincoln,Arkansas
151,5081,0.07400000000000001,0.121,0.106,0.201,0.499,Little River,Arkansas
152,5083,0.14800000000000002,0.11,0.12,0.14300000000000002,0.479,Logan,Arkansas
153,5085,0.048,0.045,0.136,0.297,0.474,Lonoke,Arkansas
154,5087,0.075,0.08800000000000001,0.159,0.114,0.564,Madison,Arkansas
155,5089,0.171,0.11199999999999999,0.11900000000000001,0.10800000000000001,0.49,Marion,Arkansas
156,5091,0.064,0.124,0.106,0.21899999999999997,0.48700000000000004,Miller,Arkansas
157,5093,0.033,0.109,0.134,0.284,0.44,Mississippi,Arkansas
158,5095,0.068,0.128,0.127,0.271,0.406,Monroe,Arkansas
159,5097,0.081,0.095,0.136,0.166,0.521,Montgomery,Arkansas
160,5099,0.14300000000000002,0.048,0.084,0.22399999999999998,0.501,Nevada,Arkansas
161,5101,0.107,0.14,0.084,0.261,0.408,Newton,Arkansas
162,5103,0.151,0.09699999999999999,0.06,0.242,0.449,Ouachita,Arkansas
163,5105,0.098,0.051,0.08,0.36700000000000005,0.40399999999999997,Perry,Arkansas
164,5107,0.052000000000000005,0.061,0.134,0.276,0.47700000000000004,Phillips,Arkansas
165,5109,0.064,0.061,0.2,0.17600000000000002,0.501,Pike,Arkansas
166,5111,0.077,0.098,0.141,0.287,0.397,Poinsett,Arkansas
167,5113,0.18,0.08,0.217,0.076,0.446,Polk,Arkansas
168,5115,0.08199999999999999,0.151,0.18100000000000002,0.285,0.302,Pope,Arkansas
169,5117,0.062,0.17,0.10300000000000001,0.273,0.391,Prairie,Arkansas
170,5119,0.027999999999999997,0.027000000000000003,0.126,0.175,0.644,Pulaski,Arkansas
171,5121,0.051,0.145,0.203,0.289,0.311,Randolph,Arkansas
172,5123,0.087,0.006999999999999999,0.289,0.267,0.35,St. Francis,Arkansas
173,5125,0.066,0.044000000000000004,0.154,0.212,0.524,Saline,Arkansas
174,5127,0.155,0.14,0.124,0.12300000000000001,0.45799999999999996,Scott,Arkansas
175,5129,0.1,0.08800000000000001,0.125,0.149,0.5379999999999999,Searcy,Arkansas
176,5131,0.121,0.142,0.157,0.20800000000000002,0.37200000000000005,Sebastian,Arkansas
177,5133,0.12,0.09300000000000001,0.155,0.165,0.467,Sevier,Arkansas
178,5135,0.067,0.158,0.22,0.222,0.33299999999999996,Sharp,Arkansas
179,5137,0.067,0.092,0.11,0.23399999999999999,0.498,Stone,Arkansas
180,5139,0.11599999999999999,0.179,0.098,0.262,0.344,Union,Arkansas
181,5141,0.033,0.06,0.096,0.272,0.539,Van Buren,Arkansas
182,5143,0.034,0.027999999999999997,0.10099999999999999,0.18600000000000003,0.6509999999999999,Washington,Arkansas
183,5145,0.026000000000000002,0.054000000000000006,0.152,0.27699999999999997,0.491,White,Arkansas
184,5147,0.059000000000000004,0.048,0.20800000000000002,0.231,0.45399999999999996,Woodruff,Arkansas
185,5149,0.11599999999999999,0.1,0.11199999999999999,0.198,0.474,Yell,Arkansas
186,6001,0.019,0.008,0.055,0.12300000000000001,0.795,Alameda,California
187,6003,0.025,0.085,0.08800000000000001,0.19,0.612,Alpine,California
188,6005,0.045,0.013000000000000001,0.099,0.188,0.655,Amador,California
189,6007,0.015,0.043,0.111,0.204,0.626,Butte,California
190,6009,0.045,0.019,0.098,0.276,0.562,Calaveras,California
191,6011,0.027000000000000003,0.031,0.092,0.151,0.7,Colusa,California
192,6013,0.018000000000000002,0.016,0.039,0.121,0.8059999999999999,Contra Costa,California
193,6015,0.01,0.135,0.11199999999999999,0.196,0.547,Del Norte,California
194,6017,0.027999999999999997,0.042,0.07200000000000001,0.183,0.675,El Dorado,California
195,6019,0.021,0.022000000000000002,0.059000000000000004,0.156,0.741,Fresno,California
196,6021,0.027999999999999997,0.026000000000000002,0.146,0.20600000000000002,0.594,Glenn,California
197,6023,0.042,0.006,0.018000000000000002,0.069,0.865,Humboldt,California
198,6025,0.001,0.005,0.03,0.128,0.836,Imperial,California
199,6027,0.033,0.011000000000000001,0.008,0.057999999999999996,0.889,Inyo,California
200,6029,0.022000000000000002,0.027999999999999997,0.105,0.177,0.6679999999999999,Kern,California
201,6031,0.075,0.016,0.049,0.094,0.7659999999999999,Kings,California
202,6033,0.003,0.004,0.006999999999999999,0.136,0.8490000000000001,Lake,California
203,6035,0.064,0.068,0.162,0.225,0.48200000000000004,Lassen,California
204,6037,0.021,0.013000000000000001,0.049,0.131,0.7859999999999999,Los Angeles,California
205,6039,0.019,0.059000000000000004,0.048,0.124,0.7509999999999999,Madera,California
206,6041,0.011000000000000001,0.0,0.046,0.141,0.802,Marin,California
207,6043,0.01,0.094,0.049,0.18600000000000003,0.6609999999999999,Mariposa,California
208,6045,0.002,0.003,0.004,0.222,0.77,Mendocino,California
209,6047,0.026000000000000002,0.036000000000000004,0.08900000000000001,0.146,0.703,Merced,California
210,6049,0.068,0.019,0.095,0.204,0.615,Modoc,California
211,6051,0.011000000000000001,0.026000000000000002,0.012,0.07,0.88,Mono,California
212,6053,0.023,0.006,0.066,0.141,0.763,Monterey,California
213,6055,0.017,0.026000000000000002,0.033,0.149,0.773,Napa,California
214,6057,0.003,0.054000000000000006,0.084,0.177,0.682,Nevada,California
215,6059,0.023,0.021,0.046,0.156,0.754,Orange,California
216,6061,0.012,0.023,0.07200000000000001,0.201,0.693,Placer,California
217,6063,0.063,0.067,0.053,0.146,0.6709999999999999,Plumas,California
218,6065,0.026000000000000002,0.013999999999999999,0.040999999999999995,0.11599999999999999,0.8029999999999999,Riverside,California
219,6067,0.025,0.027999999999999997,0.062,0.16399999999999998,0.722,Sacramento,California
220,6069,0.018000000000000002,0.004,0.063,0.175,0.7390000000000001,San Benito,California
221,6071,0.027000000000000003,0.022000000000000002,0.048,0.134,0.768,San Bernardino,California
222,6073,0.017,0.023,0.034,0.126,0.8,San Diego,California
223,6075,0.017,0.011000000000000001,0.035,0.121,0.8170000000000001,San Francisco,California
224,6077,0.054000000000000006,0.019,0.081,0.165,0.68,San Joaquin,California
225,6079,0.025,0.024,0.037000000000000005,0.16899999999999998,0.745,San Luis Obispo,California
226,6081,0.016,0.013000000000000001,0.057999999999999996,0.126,0.7859999999999999,San Mateo,California
227,6083,0.015,0.02,0.075,0.153,0.737,Santa Barbara,California
228,6085,0.015,0.013999999999999999,0.04,0.168,0.764,Santa Clara,California
229,6087,0.008,0.0,0.086,0.109,0.797,Santa Cruz,California
230,6089,0.095,0.055999999999999994,0.071,0.23199999999999998,0.547,Shasta,California
231,6091,0.14,0.053,0.047,0.14300000000000002,0.617,Sierra,California
232,6093,0.132,0.07400000000000001,0.08199999999999999,0.16699999999999998,0.546,Siskiyou,California
233,6095,0.043,0.046,0.035,0.14800000000000002,0.728,Solano,California
234,6097,0.022000000000000002,0.012,0.022000000000000002,0.149,0.795,Sonoma,California
235,6099,0.032,0.027999999999999997,0.062,0.17300000000000001,0.705,Stanislaus,California
236,6101,0.057999999999999996,0.031,0.08,0.163,0.669,Sutter,California
237,6103,0.057,0.062,0.141,0.195,0.545,Tehama,California
238,6105,0.081,0.07,0.055,0.201,0.5920000000000001,Trinity,California
239,6107,0.025,0.039,0.115,0.136,0.685,Tulare,California
240,6109,0.008,0.043,0.084,0.212,0.653,Tuolumne,California
241,6111,0.024,0.011000000000000001,0.033,0.156,0.777,Ventura,California
242,6113,0.006999999999999999,0.005,0.04,0.156,0.7909999999999999,Yolo,California
243,6115,0.057,0.035,0.071,0.16699999999999998,0.669,Yuba,California
244,8001,0.032,0.027000000000000003,0.071,0.185,0.685,Adams,Colorado
245,8003,0.052000000000000005,0.133,0.094,0.228,0.493,Alamosa,Colorado
246,8005,0.013000000000000001,0.026000000000000002,0.065,0.193,0.703,Arapahoe,Colorado
247,8007,0.040999999999999995,0.040999999999999995,0.155,0.276,0.488,Archuleta,Colorado
248,8009,0.113,0.053,0.19399999999999998,0.20600000000000002,0.435,Baca,Colorado
249,8011,0.033,0.036000000000000004,0.172,0.191,0.5670000000000001,Bent,Colorado
250,8013,0.008,0.015,0.032,0.195,0.75,Boulder,Colorado
251,8014,0.018000000000000002,0.005,0.042,0.201,0.7340000000000001,Broomfield,Colorado
252,8015,0.038,0.045,0.134,0.138,0.645,Chaffee,Colorado
253,8017,0.016,0.187,0.106,0.39799999999999996,0.292,Cheyenne,Colorado
254,8019,0.002,0.015,0.138,0.12300000000000001,0.723,Clear Creek,Colorado
255,8021,0.06,0.106,0.09300000000000001,0.195,0.545,Conejos,Colorado
256,8023,0.034,0.07200000000000001,0.076,0.175,0.644,Costilla,Colorado
257,8025,0.002,0.034,0.08,0.294,0.59,Crowley,Colorado
258,8027,0.017,0.098,0.153,0.23399999999999999,0.498,Custer,Colorado
259,8029,0.087,0.094,0.07400000000000001,0.295,0.45,Delta,Colorado
260,8031,0.02,0.018000000000000002,0.062,0.19399999999999998,0.7070000000000001,Denver,Colorado
261,8033,0.052000000000000005,0.039,0.066,0.252,0.591,Dolores,Colorado
262,8035,0.013000000000000001,0.040999999999999995,0.081,0.192,0.6729999999999999,Douglas,Colorado
263,8037,0.008,0.003,0.033,0.26899999999999996,0.687,Eagle,Colorado
264,8039,0.016,0.044000000000000004,0.19,0.24600000000000002,0.505,Elbert,Colorado
265,8041,0.031,0.08900000000000001,0.081,0.196,0.603,El Paso,Colorado
266,8043,0.006,0.069,0.062,0.2,0.6629999999999999,Fremont,Colorado
267,8045,0.065,0.04,0.037000000000000005,0.326,0.532,Garfield,Colorado
268,8047,0.001,0.027000000000000003,0.017,0.17,0.785,Gilpin,Colorado
269,8049,0.006,0.002,0.05,0.187,0.754,Grand,Colorado
270,8051,0.057,0.039,0.043,0.281,0.581,Gunnison,Colorado
271,8053,0.043,0.05,0.11699999999999999,0.271,0.519,Hinsdale,Colorado
272,8055,0.027999999999999997,0.051,0.051,0.275,0.595,Huerfano,Colorado
273,8057,0.021,0.027000000000000003,0.09,0.342,0.52,Jackson,Colorado
274,8059,0.027999999999999997,0.031,0.075,0.19399999999999998,0.6729999999999999,Jefferson,Colorado
275,8061,0.027999999999999997,0.051,0.159,0.27,0.49200000000000005,,
276,8063,0.024,0.32299999999999995,0.11900000000000001,0.344,0.19,Kit Carson,Colorado
277,8065,0.002,0.016,0.036000000000000004,0.193,0.753,Lake,Colorado
278,8067,0.043,0.02,0.122,0.27399999999999997,0.541,La Plata,Colorado
279,8069,0.013000000000000001,0.037000000000000005,0.06,0.231,0.659,Larimer,Colorado
280,8071,0.052000000000000005,0.03,0.10099999999999999,0.17,0.648,Las Animas,Colorado
281,8073,0.013000000000000001,0.068,0.196,0.40299999999999997,0.321,Lincoln,Colorado
282,8075,0.078,0.20199999999999999,0.10099999999999999,0.368,0.251,Logan,Colorado
283,8077,0.075,0.105,0.098,0.222,0.499,Mesa,Colorado
284,8079,0.049,0.07200000000000001,0.138,0.264,0.478,Mineral,Colorado
285,8081,0.040999999999999995,0.142,0.162,0.284,0.371,Moffat,Colorado
286,8083,0.057,0.019,0.081,0.257,0.586,Montezuma,Colorado
287,8085,0.085,0.092,0.07400000000000001,0.314,0.436,Montrose,Colorado
288,8087,0.083,0.161,0.11599999999999999,0.245,0.396,Morgan,Colorado
289,8089,0.004,0.047,0.102,0.19399999999999998,0.653,Otero,Colorado
290,8091,0.06,0.08,0.069,0.295,0.495,Ouray,Colorado
291,8093,0.021,0.018000000000000002,0.10300000000000001,0.13699999999999998,0.722,Park,Colorado
292,8095,0.05,0.19,0.13699999999999998,0.255,0.368,Phillips,Colorado
293,8097,0.019,0.013999999999999999,0.016,0.318,0.633,Pitkin,Colorado
294,8099,0.079,0.046,0.205,0.201,0.469,Prowers,Colorado
295,8101,0.018000000000000002,0.044000000000000004,0.07400000000000001,0.28,0.584,Pueblo,Colorado
296,8103,0.111,0.092,0.07400000000000001,0.265,0.45799999999999996,Rio Blanco,Colorado
297,8105,0.061,0.14400000000000002,0.11,0.242,0.444,Rio Grande,Colorado
298,8107,0.008,0.036000000000000004,0.092,0.375,0.489,Routt,Colorado
299,8109,0.065,0.122,0.138,0.23199999999999998,0.44299999999999995,Saguache,Colorado
300,8111,0.032,0.038,0.09699999999999999,0.27,0.563,San Juan,Colorado
301,8113,0.043,0.057999999999999996,0.07400000000000001,0.26,0.565,San Miguel,Colorado
302,8115,0.065,0.162,0.138,0.267,0.368,Sedgwick,Colorado
303,8117,0.0,0.001,0.064,0.151,0.784,Summit,Colorado
304,8119,0.105,0.087,0.066,0.145,0.597,Teller,Colorado
305,8121,0.077,0.20800000000000002,0.10099999999999999,0.303,0.31,Washington,Colorado
306,8123,0.046,0.038,0.135,0.231,0.55,Weld,Colorado
307,8125,0.038,0.284,0.133,0.255,0.29,Yuma,Colorado
308,9001,0.027000000000000003,0.019,0.06,0.114,0.78,Fairfield,Connecticut
309,9003,0.015,0.023,0.065,0.13,0.767,Hartford,Connecticut
310,9005,0.017,0.051,0.021,0.098,0.812,Litchfield,Connecticut
311,9007,0.003,0.006999999999999999,0.055,0.128,0.807,Middlesex,Connecticut
312,9009,0.023,0.013999999999999999,0.053,0.115,0.795,New Haven,Connecticut
313,9011,0.025,0.021,0.066,0.142,0.747,New London,Connecticut
314,9013,0.008,0.008,0.027000000000000003,0.147,0.81,Tolland,Connecticut
315,9015,0.022000000000000002,0.040999999999999995,0.08199999999999999,0.13699999999999998,0.718,Windham,Connecticut
316,10001,0.026000000000000002,0.006,0.106,0.051,0.8109999999999999,Kent,Delaware
317,10003,0.027000000000000003,0.013000000000000001,0.040999999999999995,0.133,0.7859999999999999,New Castle,Delaware
318,10005,0.005,0.001,0.035,0.10300000000000001,0.856,Sussex,Delaware
319,11001,0.012,0.013000000000000001,0.069,0.16399999999999998,0.743,District of Columbia,District of Columbia
320,12001,0.001,0.024,0.053,0.17,0.7509999999999999,Alachua,Florida
321,12003,0.087,0.076,0.18,0.215,0.442,Baker,Florida
322,12005,0.065,0.109,0.076,0.20199999999999999,0.5479999999999999,Bay,Florida
323,12007,0.106,0.168,0.172,0.17300000000000001,0.381,Bradford,Florida
324,12009,0.068,0.073,0.096,0.157,0.607,Brevard,Florida
325,12011,0.026000000000000002,0.023,0.043,0.11699999999999999,0.7909999999999999,Broward,Florida
326,12013,0.034,0.055,0.138,0.267,0.507,Calhoun,Florida
327,12015,0.051,0.049,0.10099999999999999,0.158,0.64,Charlotte,Florida
328,12017,0.09,0.036000000000000004,0.087,0.17800000000000002,0.609,Citrus,Florida
329,12019,0.055,0.067,0.15,0.209,0.52,Clay,Florida
330,12021,0.04,0.023,0.067,0.212,0.6579999999999999,Collier,Florida
331,12023,0.047,0.026000000000000002,0.28800000000000003,0.254,0.385,Columbia,Florida
332,12027,0.023,0.064,0.055999999999999994,0.142,0.715,DeSoto,Florida
333,12029,0.071,0.095,0.11900000000000001,0.318,0.397,Dixie,Florida
334,12031,0.049,0.042,0.086,0.19399999999999998,0.629,Duval,Florida
335,12033,0.019,0.052000000000000005,0.095,0.31,0.524,Escambia,Florida
336,12035,0.079,0.05,0.113,0.157,0.602,Flagler,Florida
337,12037,0.022000000000000002,0.10099999999999999,0.237,0.228,0.41200000000000003,Franklin,Florida
338,12039,0.06,0.033,0.10400000000000001,0.22699999999999998,0.575,Gadsden,Florida
339,12041,0.016,0.151,0.069,0.324,0.44,Gilchrist,Florida
340,12043,0.047,0.08199999999999999,0.098,0.096,0.677,Glades,Florida
341,12045,0.046,0.125,0.12,0.249,0.46,Gulf,Florida
342,12047,0.10099999999999999,0.071,0.235,0.22699999999999998,0.365,Hamilton,Florida
343,12049,0.114,0.040999999999999995,0.179,0.18600000000000003,0.48,Hardee,Florida
344,12051,0.046,0.042,0.11199999999999999,0.15,0.65,Hendry,Florida
345,12053,0.09,0.04,0.091,0.19,0.589,Hernando,Florida
346,12055,0.025,0.055999999999999994,0.145,0.138,0.635,Highlands,Florida
347,12057,0.023,0.031,0.069,0.155,0.722,Hillsborough,Florida
348,12059,0.17,0.077,0.081,0.111,0.562,Holmes,Florida
349,12061,0.054000000000000006,0.065,0.08199999999999999,0.193,0.607,Indian River,Florida
350,12063,0.064,0.10800000000000001,0.129,0.174,0.526,Jackson,Florida
351,12065,0.019,0.017,0.099,0.183,0.682,Jefferson,Florida
352,12067,0.102,0.081,0.22,0.20800000000000002,0.389,Lafayette,Florida
353,12069,0.047,0.062,0.07400000000000001,0.185,0.632,Lake,Florida
354,12071,0.052000000000000005,0.05,0.073,0.17600000000000002,0.648,Lee,Florida
355,12073,0.051,0.022000000000000002,0.071,0.156,0.7,Leon,Florida
356,12075,0.017,0.132,0.07200000000000001,0.187,0.5920000000000001,Levy,Florida
357,12077,0.022000000000000002,0.023,0.205,0.268,0.48200000000000004,Liberty,Florida
358,12079,0.16399999999999998,0.085,0.14800000000000002,0.264,0.34,Madison,Florida
359,12081,0.07400000000000001,0.037000000000000005,0.062,0.201,0.626,Manatee,Florida
360,12083,0.046,0.087,0.121,0.203,0.5429999999999999,Marion,Florida
361,12085,0.027000000000000003,0.018000000000000002,0.066,0.16899999999999998,0.7190000000000001,Martin,Florida
362,12086,0.032,0.023,0.06,0.128,0.7559999999999999,Miami-Dade,Florida
363,12087,0.006999999999999999,0.001,0.013999999999999999,0.159,0.8190000000000001,Monroe,Florida
364,12089,0.09,0.07,0.147,0.223,0.47,Nassau,Florida
365,12091,0.091,0.083,0.147,0.21,0.469,Okaloosa,Florida
366,12093,0.016,0.034,0.064,0.171,0.715,Okeechobee,Florida
367,12095,0.02,0.02,0.07200000000000001,0.16399999999999998,0.7240000000000001,Orange,Florida
368,12097,0.025,0.022000000000000002,0.057999999999999996,0.17600000000000002,0.72,Osceola,Florida
369,12099,0.03,0.02,0.05,0.11599999999999999,0.784,Palm Beach,Florida
370,12101,0.027000000000000003,0.028999999999999998,0.055,0.179,0.7090000000000001,Pasco,Florida
371,12103,0.025,0.019,0.07400000000000001,0.133,0.75,Pinellas,Florida
372,12105,0.05,0.063,0.085,0.172,0.63,Polk,Florida
373,12107,0.068,0.05,0.114,0.18600000000000003,0.581,Putnam,Florida
374,12109,0.047,0.071,0.09699999999999999,0.223,0.561,St. Johns,Florida
375,12111,0.077,0.022000000000000002,0.08,0.17300000000000001,0.648,St. Lucie,Florida
376,12113,0.047,0.068,0.166,0.265,0.45299999999999996,Santa Rosa,Florida
377,12115,0.017,0.031,0.073,0.175,0.7040000000000001,Sarasota,Florida
378,12117,0.037000000000000005,0.039,0.066,0.141,0.7170000000000001,Seminole,Florida
379,12119,0.037000000000000005,0.036000000000000004,0.064,0.235,0.628,Sumter,Florida
380,12121,0.105,0.055,0.244,0.22699999999999998,0.369,Suwannee,Florida
381,12123,0.10300000000000001,0.086,0.19,0.145,0.47600000000000003,Taylor,Florida
382,12125,0.044000000000000004,0.04,0.17600000000000002,0.267,0.473,Union,Florida
383,12127,0.035,0.066,0.08900000000000001,0.192,0.618,Volusia,Florida
384,12129,0.032,0.092,0.172,0.275,0.429,Wakulla,Florida
385,12131,0.092,0.06,0.092,0.244,0.512,Walton,Florida
386,12133,0.138,0.085,0.062,0.158,0.557,Washington,Florida
387,13001,0.085,0.11699999999999999,0.23,0.152,0.41600000000000004,Appling,Georgia
388,13003,0.059000000000000004,0.1,0.179,0.217,0.445,Atkinson,Georgia
389,13005,0.071,0.132,0.187,0.188,0.42100000000000004,Bacon,Georgia
390,13007,0.027000000000000003,0.048,0.054000000000000006,0.127,0.743,Baker,Georgia
391,13009,0.02,0.08900000000000001,0.107,0.29,0.494,Baldwin,Georgia
392,13011,0.136,0.10300000000000001,0.125,0.23800000000000002,0.39899999999999997,Banks,Georgia
393,13013,0.063,0.086,0.092,0.19,0.568,Barrow,Georgia
394,13015,0.215,0.05,0.12300000000000001,0.14300000000000002,0.47,Bartow,Georgia
395,13017,0.129,0.078,0.109,0.20199999999999999,0.483,Ben Hill,Georgia
396,13019,0.073,0.098,0.156,0.214,0.46,Berrien,Georgia
397,13021,0.043,0.094,0.17600000000000002,0.201,0.48700000000000004,Bibb,Georgia
398,13023,0.08900000000000001,0.031,0.11699999999999999,0.256,0.508,Bleckley,Georgia
399,13025,0.047,0.129,0.15,0.16399999999999998,0.51,Brantley,Georgia
400,13027,0.092,0.165,0.124,0.235,0.385,Brooks,Georgia
401,13029,0.033,0.039,0.095,0.23800000000000002,0.595,Bryan,Georgia
402,13031,0.053,0.049,0.163,0.31,0.424,Bulloch,Georgia
403,13033,0.105,0.109,0.087,0.20800000000000002,0.49200000000000005,Burke,Georgia
404,13035,0.125,0.037000000000000005,0.14400000000000002,0.163,0.53,Butts,Georgia
405,13037,0.013000000000000001,0.035,0.043,0.172,0.737,Calhoun,Georgia
406,13039,0.136,0.125,0.17,0.113,0.456,Camden,Georgia
407,13043,0.037000000000000005,0.045,0.177,0.264,0.47700000000000004,Candler,Georgia
408,13045,0.08900000000000001,0.133,0.154,0.168,0.457,Carroll,Georgia
409,13047,0.14300000000000002,0.152,0.114,0.217,0.375,Catoosa,Georgia
410,13049,0.065,0.094,0.15,0.196,0.495,Charlton,Georgia
411,13051,0.035,0.04,0.14400000000000002,0.158,0.624,Chatham,Georgia
412,13053,0.061,0.07200000000000001,0.10800000000000001,0.214,0.545,Chattahoochee,Georgia
413,13055,0.11599999999999999,0.102,0.187,0.14300000000000002,0.451,Chattooga,Georgia
414,13057,0.049,0.054000000000000006,0.1,0.213,0.584,Cherokee,Georgia
415,13059,0.054000000000000006,0.057,0.06,0.226,0.603,Clarke,Georgia
416,13061,0.027999999999999997,0.066,0.12,0.223,0.562,Clay,Georgia
417,13063,0.038,0.054000000000000006,0.125,0.159,0.624,Clayton,Georgia
418,13065,0.06,0.057999999999999996,0.134,0.168,0.58,Clinch,Georgia
419,13067,0.039,0.049,0.11599999999999999,0.225,0.5720000000000001,Cobb,Georgia
420,13069,0.085,0.124,0.16399999999999998,0.222,0.40399999999999997,Coffee,Georgia
421,13071,0.10800000000000001,0.191,0.07400000000000001,0.233,0.39399999999999996,Colquitt,Georgia
422,13073,0.061,0.064,0.095,0.23399999999999999,0.547,Columbia,Georgia
423,13075,0.098,0.134,0.12300000000000001,0.203,0.441,Cook,Georgia
424,13077,0.105,0.053,0.183,0.204,0.455,Coweta,Georgia
425,13079,0.057,0.051,0.231,0.192,0.46799999999999997,Crawford,Georgia
426,13081,0.11900000000000001,0.023,0.06,0.163,0.635,Crisp,Georgia
427,13083,0.128,0.222,0.13,0.249,0.27,Dade,Georgia
428,13085,0.049,0.09,0.128,0.162,0.5710000000000001,Dawson,Georgia
429,13087,0.09300000000000001,0.04,0.171,0.18,0.516,Decatur,Georgia
430,13089,0.036000000000000004,0.027999999999999997,0.075,0.156,0.7040000000000001,DeKalb,Georgia
431,13091,0.145,0.025,0.15,0.23600000000000002,0.44299999999999995,Dodge,Georgia
432,13093,0.077,0.034,0.057999999999999996,0.204,0.627,Dooly,Georgia
433,13095,0.033,0.037000000000000005,0.045,0.159,0.726,Dougherty,Georgia
434,13097,0.083,0.037000000000000005,0.09,0.198,0.591,Douglas,Georgia
435,13099,0.045,0.062,0.156,0.253,0.485,Early,Georgia
436,13101,0.09699999999999999,0.073,0.182,0.20199999999999999,0.446,Echols,Georgia
437,13103,0.044000000000000004,0.064,0.145,0.272,0.475,Effingham,Georgia
438,13105,0.132,0.177,0.081,0.107,0.503,Elbert,Georgia
439,13107,0.062,0.044000000000000004,0.142,0.252,0.5,Emanuel,Georgia
440,13109,0.03,0.078,0.22899999999999998,0.29,0.37200000000000005,Evans,Georgia
441,13111,0.075,0.08800000000000001,0.125,0.11199999999999999,0.6,Fannin,Georgia
442,13113,0.06,0.086,0.131,0.218,0.505,Fayette,Georgia
443,13115,0.18600000000000003,0.036000000000000004,0.23399999999999999,0.14800000000000002,0.395,Floyd,Georgia
444,13117,0.035,0.048,0.083,0.193,0.6409999999999999,Forsyth,Georgia
445,13119,0.168,0.07400000000000001,0.11699999999999999,0.215,0.425,Franklin,Georgia
446,13121,0.026000000000000002,0.036000000000000004,0.08900000000000001,0.187,0.662,Fulton,Georgia
447,13123,0.128,0.042,0.087,0.198,0.545,Gilmer,Georgia
448,13125,0.156,0.066,0.107,0.13,0.541,Glascock,Georgia
449,13127,0.048,0.071,0.145,0.251,0.485,Glynn,Georgia
450,13129,0.172,0.1,0.201,0.157,0.369,Gordon,Georgia
451,13131,0.063,0.139,0.11599999999999999,0.264,0.41700000000000004,Grady,Georgia
452,13133,0.062,0.046,0.057,0.17600000000000002,0.6579999999999999,Greene,Georgia
453,13135,0.036000000000000004,0.054000000000000006,0.081,0.19,0.639,Gwinnett,Georgia
454,13137,0.063,0.1,0.11599999999999999,0.292,0.43,Habersham,Georgia
455,13139,0.061,0.069,0.128,0.198,0.545,Hall,Georgia
456,13141,0.043,0.111,0.102,0.168,0.575,Hancock,Georgia
457,13143,0.184,0.12300000000000001,0.165,0.184,0.345,Haralson,Georgia
458,13145,0.09300000000000001,0.081,0.061,0.213,0.551,Harris,Georgia
459,13147,0.092,0.061,0.14,0.207,0.5,Hart,Georgia
460,13149,0.126,0.094,0.166,0.14400000000000002,0.47100000000000003,Heard,Georgia
461,13151,0.10300000000000001,0.048,0.091,0.18100000000000002,0.578,Henry,Georgia
462,13153,0.032,0.079,0.136,0.172,0.581,Houston,Georgia
463,13155,0.098,0.091,0.126,0.22399999999999998,0.46,Irwin,Georgia
464,13157,0.125,0.085,0.11699999999999999,0.24,0.434,Jackson,Georgia
465,13159,0.08199999999999999,0.059000000000000004,0.18100000000000002,0.11800000000000001,0.56,Jasper,Georgia
466,13161,0.124,0.138,0.165,0.183,0.39,Jeff Davis,Georgia
467,13163,0.251,0.055,0.099,0.102,0.493,Jefferson,Georgia
468,13165,0.114,0.053,0.084,0.261,0.488,Jenkins,Georgia
469,13167,0.11900000000000001,0.053,0.109,0.251,0.46799999999999997,Johnson,Georgia
470,13169,0.049,0.087,0.226,0.209,0.43,Jones,Georgia
471,13171,0.07,0.06,0.171,0.293,0.406,Lamar,Georgia
472,13173,0.102,0.07,0.145,0.18100000000000002,0.502,Lanier,Georgia
473,13175,0.122,0.055999999999999994,0.141,0.29100000000000004,0.391,Laurens,Georgia
474,13177,0.035,0.033,0.039,0.162,0.732,Lee,Georgia
475,13179,0.006999999999999999,0.099,0.066,0.215,0.614,Liberty,Georgia
476,13181,0.073,0.10400000000000001,0.111,0.233,0.479,Lincoln,Georgia
477,13183,0.013999999999999999,0.11900000000000001,0.086,0.159,0.621,Long,Georgia
478,13185,0.10800000000000001,0.10099999999999999,0.149,0.20800000000000002,0.435,Lowndes,Georgia
479,13187,0.035,0.086,0.13,0.245,0.504,Lumpkin,Georgia
480,13189,0.07200000000000001,0.053,0.12300000000000001,0.265,0.488,McDuffie,Georgia
481,13191,0.034,0.076,0.188,0.221,0.48100000000000004,McIntosh,Georgia
482,13193,0.078,0.049,0.113,0.21,0.55,Macon,Georgia
483,13195,0.165,0.084,0.055,0.18600000000000003,0.511,Madison,Georgia
484,13197,0.084,0.12,0.16699999999999998,0.196,0.433,Marion,Georgia
485,13199,0.109,0.086,0.138,0.15,0.517,Meriwether,Georgia
486,13201,0.064,0.055999999999999994,0.182,0.159,0.539,Miller,Georgia
487,13205,0.044000000000000004,0.11199999999999999,0.055,0.159,0.63,Mitchell,Georgia
488,13207,0.07200000000000001,0.035,0.184,0.253,0.455,Monroe,Georgia
489,13209,0.114,0.083,0.174,0.228,0.401,Montgomery,Georgia
490,13211,0.061,0.064,0.09300000000000001,0.168,0.614,Morgan,Georgia
491,13213,0.193,0.03,0.182,0.177,0.41700000000000004,Murray,Georgia
492,13215,0.063,0.073,0.083,0.225,0.555,Muscogee,Georgia
493,13217,0.094,0.076,0.12300000000000001,0.207,0.5,Newton,Georgia
494,13219,0.049,0.063,0.095,0.18100000000000002,0.611,Oconee,Georgia
495,13221,0.055999999999999994,0.08199999999999999,0.054000000000000006,0.18100000000000002,0.627,Oglethorpe,Georgia
496,13223,0.09699999999999999,0.068,0.10800000000000001,0.233,0.494,Paulding,Georgia
497,13225,0.027000000000000003,0.07400000000000001,0.172,0.16,0.5670000000000001,Peach,Georgia
498,13227,0.038,0.11800000000000001,0.10099999999999999,0.188,0.555,Pickens,Georgia
499,13229,0.05,0.14300000000000002,0.127,0.157,0.522,Pierce,Georgia
500,13231,0.059000000000000004,0.06,0.147,0.192,0.542,Pike,Georgia
501,13233,0.106,0.071,0.192,0.145,0.485,Polk,Georgia
502,13235,0.079,0.031,0.098,0.218,0.575,Pulaski,Georgia
503,13237,0.059000000000000004,0.09300000000000001,0.11800000000000001,0.214,0.516,Putnam,Georgia
504,13239,0.053,0.15,0.095,0.163,0.5379999999999999,Quitman,Georgia
505,13241,0.1,0.083,0.124,0.22899999999999998,0.46399999999999997,Rabun,Georgia
506,13243,0.016,0.065,0.05,0.2,0.669,Randolph,Georgia
507,13245,0.068,0.059000000000000004,0.114,0.18,0.578,Richmond,Georgia
508,13247,0.057999999999999996,0.078,0.115,0.21600000000000003,0.534,Rockdale,Georgia
509,13249,0.07,0.102,0.11699999999999999,0.214,0.49700000000000005,Schley,Georgia
510,13251,0.198,0.069,0.081,0.242,0.41,Screven,Georgia
511,13253,0.073,0.079,0.20199999999999999,0.135,0.51,Seminole,Georgia
512,13255,0.07200000000000001,0.038,0.179,0.20199999999999999,0.509,Spalding,Georgia
513,13257,0.087,0.11599999999999999,0.11599999999999999,0.31,0.37,Stephens,Georgia
514,13259,0.055,0.092,0.133,0.203,0.517,Stewart,Georgia
515,13261,0.055,0.055999999999999994,0.046,0.20199999999999999,0.6409999999999999,Sumter,Georgia
516,13263,0.168,0.08,0.08900000000000001,0.171,0.49200000000000005,Talbot,Georgia
517,13265,0.065,0.048,0.086,0.158,0.644,Taliaferro,Georgia
518,13267,0.051,0.076,0.214,0.22399999999999998,0.434,Tattnall,Georgia
519,13269,0.126,0.069,0.182,0.201,0.42200000000000004,Taylor,Georgia
520,13271,0.156,0.075,0.134,0.20800000000000002,0.42700000000000005,Telfair,Georgia
521,13273,0.019,0.028999999999999998,0.03,0.16699999999999998,0.755,Terrell,Georgia
522,13275,0.026000000000000002,0.096,0.12,0.228,0.53,Thomas,Georgia
523,13277,0.066,0.08800000000000001,0.122,0.22699999999999998,0.496,Tift,Georgia
524,13279,0.09699999999999999,0.069,0.179,0.226,0.429,Toombs,Georgia
525,13281,0.076,0.096,0.098,0.19899999999999998,0.531,Towns,Georgia
526,13283,0.096,0.07,0.168,0.267,0.39899999999999997,Treutlen,Georgia
527,13285,0.175,0.031,0.11900000000000001,0.17800000000000002,0.49700000000000005,Troup,Georgia
528,13287,0.141,0.042,0.094,0.175,0.547,Turner,Georgia
529,13289,0.04,0.077,0.188,0.14800000000000002,0.547,Twiggs,Georgia
530,13291,0.065,0.11900000000000001,0.087,0.168,0.56,Union,Georgia
531,13293,0.16,0.1,0.114,0.20600000000000002,0.42100000000000004,Upson,Georgia
532,13295,0.14400000000000002,0.16399999999999998,0.11699999999999999,0.21,0.366,Walker,Georgia
533,13297,0.106,0.127,0.184,0.141,0.442,Walton,Georgia
534,13299,0.061,0.10800000000000001,0.109,0.166,0.556,Ware,Georgia
535,13301,0.095,0.065,0.14,0.226,0.474,Warren,Georgia
536,13303,0.10400000000000001,0.07,0.053,0.157,0.617,Washington,Georgia
537,13305,0.028999999999999998,0.139,0.14300000000000002,0.139,0.55,Wayne,Georgia
538,13307,0.019,0.064,0.10300000000000001,0.21,0.603,Webster,Georgia
539,13309,0.135,0.078,0.162,0.23,0.395,Wheeler,Georgia
540,13311,0.057,0.064,0.099,0.34700000000000003,0.433,White,Georgia
541,13313,0.185,0.068,0.203,0.142,0.40299999999999997,Whitfield,Georgia
